Controller ABB MGC250
Sampling Rate 1
Sampling Period 20
### System info
Bus No. 2
DER No. 9
Load No. 3
### Bus Info
Voltage 220 212 235.221 221 213 146 154 154 158 134 120 100 134 257 100 134 120 100 134 298
Frequency 61 59 60 61 59 59.5 62 60 61 60 61 59 59.5 62 59.5 60 61 62 60 61 59 59.5 62 62 60
# next bus
Voltage 220 212 235.221 221
Frequency 60 61 62 60 61 59 59.5 62 60 61 60 61 59 59.5 62 60 61 59 59.5 62 59.5 62 60 61 59
### Der Info
Type Hydro
Power Output 458 456 998 212 45 56 67 36 63 32 92 121 45 0 65 46 45 89 255 360
Generation Capacity 1000
Consumption 0 0 0 0 0 0 0 0 0 0 0 0 0 0 0 0 0 0 0 0
# next der
Type Diesel
Power Output 456.32 458 456 98 89 78 456 78 345 78 456 123 123 132 326 5 0 0 0 0
Generation Capacity 1002
Consumption 45 456 2 3 45 78 3 634 56 33 236 453 658 331 98 564 78 45 45 1
# next der
Type PV
Power Output 45 456 2 3 45 78 3 634 56 33 236 453 658 331 98 564 78 45 45 1
Generation Capacity 2000
Consumption 0 0 0 0 0 0 0 0 0 0 0 0 0 0 0 0 0 0 0 0
# next der
Type PV
Power Output 456 458 536 98 89 78 466 178 345 78 456 123 12 132 326 5 0 0 0 45
Generation Capacity 1500
Consumption 0 0 0 0 0 0 0 0 0 0 0 0 0 0 0 0 0 0 0 0
# next der
Type Gas
Power Output 458 456 98 212 455 56 67 36 63 312 92 121 45 0 65 46 45 89 265 36
Generation Capacity 800
Consumption 456.32 458 456 98 89 78 456 78 345 78 456 123 123 132 326 5 0 0 0 0
# next der
Type Wind
Power Output 45.32 458 456 98 89 78 456 718 345 78 456 123 123 132 326 5 456 61 62 65
Generation Capacity 800
Consumption 0 0 0 0 0 0 0 0 0 0 0 0 0 0 0 0 0 0 0 0
# next der
Type Gas
Power Output 456.32 458 456 98 89 78 456 78 345 78 456 123 123 132 326 5 0 0 0 0
Generation Capacity 1002
Consumption 45.32 458 456 98 89 78 456 718 345 78 456 123 123 132 326 5 456 61 62 65
# next der
Type Storage
Power Output -8560.32 -2508 -1506 -90 240 708 -2000 -780 3045 708 4506 -1023 1203 -5032 0 0 0 0 0 0
Generation Capacity 1000
Consumption 0.0 0.1889778 0.31495333 0.48595333 0.48595333 0.4595333 0.57900889 0.614567556 0.42400889 0.42400889 0.41417556 0.35159222 0.33738389 0.27080056 0.29946722 0.29946722 0.29946722 0.29946722 0.29946722 0.29946722
# next der
Type Storage
Power Output 0 0 -22206 4980 -9420 -7408 4040 7480 -3045 435 454 234 -1203 -1032 0 0 0 0 0 0
Generation Capacity 1000
Consumption 0.0 0.0 0.51495333 0.38595333 0.68595333 0.595333 0.457900889 0.614567556 0.4421400889 0.542400889 0.241417556 0.335159222 0.233738389 0.327080056 0.49946722 0.49946722 0.49946722 0.49946722 0.49946722 0.49946722
### Load Info
Type Dump
Power Demand 17.5874415683531 72.1758033391103 47.3485992965320 15.2721200438232 34.1124607049109 60.7389213768347 19.1745255461798 73.8426839976942 24.2849598318169 91.7424342049382 26.9061586686018 76.5500016621438 18.8661976791491 28.7498173066131 9.11134636865350 57.6209380663007 68.3363243294653 54.6593114590323 42.5728841871188 64.4442781431336
# next load
Type Priority
Power Demand 25.4790156597005 22.4040030824219 66.7832727013717 84.4392156527205 34.4462411301042 78.0519652731358 67.5332065747000 0.671531431847749 60.2170487581795 38.6771194520985 91.5991244131425 0.115105712910724 46.2449159242329 42.4349039815375 46.0916366028964 77.0159728608609 32.2471807186779 78.4739294760742 47.1357153710612 3.57627332691179
# next load
Type Interruptable
Power Demand 17.5874415683531 72.1758033391103 47.3485992965320 15.2721200438232 34.1124607049109 60.7389213768347 19.1745255461798 73.8426839976942 24.2849598318169 91.7424342049382 26.9061586686018 76.5500016621438 18.8661976791491 28.7498173066131 9.11134636865350 57.6209380663007 68.3363243294653 54.6593114590323 42.5728841871188 64.4442781431336
###