Controller ABB MGC600
Sampling Rate 1
Sampling Period 20
### System info
Bus No. 2
DER No. 9
Load No. 3
### Bus Info
Voltage 220 100 120 100 134 120 100 134 120 100 134 120 100 134 257 100 134 120 100 134
Frequency 60 61 62 60 61 59 59.5 62 60 61 60 61 59 59.5 57 60 61 59 59.5 62 59.5 62 60 61 59
# next bus
Voltage 220 212 235.221 2321
Frequency 60 61 62 60 61 59 59.5 62 60 61 60 61 59 59.5 62 60 61 59 59.5 62 59.5 62 60 61 59
### Der Info
Type Ren Hydro
Power Output 458 456 998 212 45 56 67 36 63 32 92 121 45 0 65 46 45 89 255 360
Generation Capacity 1000
Consumption 0 0 0 0 0 0 0 0 0 0 0 0 0 0 0 0 0 0 0 0
# next der
Type Fuel Diesel
Power Output 454.32 448 456 98 89 78 456 78 345 77 456 123 13 132 314 5 0 0 0 0
Generation Capacity 1002
Consumption 456 458 536 108 99 88 466 118 355 78 457 125 17 136 326 9 1 1 1 5
# next der
Type Ren Hydro
Power Output 45 456 2 3 45 78 3 634 56 33 236 453 658 331 98 564 78 45 45 1
Generation Capacity 1002
Consumption 0 0 0 0 0 0 0 0 0 0 0 0 0 0 0 0 0 0 0 0
# next der
Type Ren PV
Power Output 456 458 536 98 89 78 466 178 345 78 456 123 12 132 326 5 0 0 0 45
Generation Capacity 1002
Consumption 0 0 0 0 0 0 0 0 0 0 0 0 0 0 0 0 0 0 0 0
# next der
Type Fuel Gas
Power Output 358 56 198 12 455 56 67 36 63 32 22 121 45 0 65 46 45 89 65 36
Generation Capacity 1002
Consumption 335 95 232 21 459 65 69 45 83 86 32 165 46 3 78 55 56 112 56 59
# next der
Type Ren Wind
Power Output 45.32 458 456 98 89 78 456 718 345 78 456 123 123 132 326 5 456 61 62 65
Generation Capacity 1002
Consumption 0 0 0 0 0 0 0 0 0 0 0 0 0 0 0 0 0 0 0 0
# next der
Type Fuel Diesel
Power Output 75.32 458 156 98 89 68 46 78 245 78 456 53 123 102 36 11 10 30 40 1
Generation Capacity 1002
Consumption 135 395 232 121 95 75 56 85 253 86 432 65 156 123 78 35 36 12 56 9
# next der
Type Storage
Power Output -4560.32 -4508 -4506 -980 -890 708 2000 780 3045 708 4506 1023 -1203 -1032 0 0 0 0 0 0
Generation Capacity 1000
Consumption 0.0 0.09889778 0.16495333 0.28595333 0.28595333 0.28595333 0.37900889 0.34567556 0.32400889 0.32400889 0.31417556 0.25159222 0.23738389 0.27080056 0.29946722 0.29946722 0.29946722 0.29946722 0.29946722 0.29946722
# next der
Type Storage
Power Output -2560.32 -248 -4206 980 890 -7408 400 780 -3045 0 0 0 -1203 -1032 0 0 0 0 0 0
Generation Capacity 1000
Consumption 0.0 0.18889778 0.32495333 0.5595333 0.5595333 0.6595333 0.7900889 0.74567556 0.6400889 0.6400889 0.61417556 0.5159222 0.4738389 0.5080056 0.61946722 0.61946722 0.61946722 0.61946722 0.61946722 0.61946722
### Load Info
Type Dump
Power Demand 77.8802241824093 42.3452918962738 9.08232857874395 26.6471490779072 15.3656717591307 28.1005302533871 44.0085139001721 52.7142741760652 45.7424365687674 87.5371598604185 51.8052108361104 94.3622624548388 63.7709098072174 95.7693939841583 24.0707035480160 67.6122303863752 28.9064571674477 67.1808165414215 69.5140499551737 6.79927684700106
# next load
Type Priority
Power Demand 25.4790156597005 22.4040030824219 66.7832727013717 84.4392156527205 34.4462411301042 78.0519652731358 67.5332065747000 0.671531431847749 60.2170487581795 38.6771194520985 91.5991244131425 0.115105712910724 46.2449159242329 42.4349039815375 46.0916366028964 77.0159728608609 32.2471807186779 78.4739294760742 47.1357153710612 3.57627332691179
# next load
Type Interruptable
Power Demand 17.5874415683531 72.1758033391103 47.3485992965320 15.2721200438232 34.1124607049109 60.7389213768347 19.1745255461798 73.8426839976942 24.2849598318169 91.7424342049382 26.9061586686018 76.5500016621438 18.8661976791491 28.7498173066131 9.11134636865350 57.6209380663007 68.3363243294653 54.6593114590323 42.5728841871188 64.4442781431336
###